10
10
4253 212
2038 -227
-2366 -9533
-4525 800
-383 3014
-775 1787
-1070 8031
4729 -2734
-2531 -1112
9591 -7321
6
5764 5175
6920 5175
1372 5175
-9104 -1082
-9104 -1185
267 -6506
6
-2641 -8124
-5628 2395
-1290 -4219
2971 -2450
1436 2383
8648 -7852
6
2976 -5596
-1686 -6701
-2483 -5596
4947 -6099
-4410 -6601
-4410 -6050
10
-9536 7976
-9399 2034
-9630 -7908
-9590 7976
-9525 7976
-9399 1605
-9641 -7908
-9532 7976
-9446 -7908
-9590 -7908
10
4993 -1852
3980 -5167
7219 -7975
2037 -8781
856 -2975
9757 -3110
-2515 -5937
4287 -3078
-9011 -7961
-3011 -7164
2
-5801 -1790
7467 -549
7
-3269 -5316
-1497 5191
-4771 9997
-4702 -2721
-5870 4615
-7850 -2482
7653 1188
1
1879 -7614
3
5175 -3561
-9699 -4134
629 -5321

NO
YES
NO
YES
YES
NO
YES
NO
YES
YES