40
84 30
27 -43
18 13
-38 91
-50 38
44 -11
-69 -32
-15 -67
24 59
-5 64
77 100
68 -43
5 96
60 -34
74 63
46 2
-63 72
-23 48
77 5
-94 10
-70 66
-5 30
-28 46
-38 -97
-30 100
84 55
-29 -81
65 82
-22 -82
-64 16
-100 -65
-83 -65
-33 11
-21 27
-58 -58
-44 -96
-6 -45
88 -42
47 -93
-24 -92


46 2
77 5
84 30
84 55
18 13
74 63
65 82
77 100
24 59
5 96
-5 64
-5 30
-30 100
-38 91
-23 48
-28 46
-21 27
-63 72
-70 66
-50 38
-33 11
-64 16
-94 10
-69 -32
-100 -65
-83 -65
-58 -58
-44 -96
-38 -97
-29 -81
-22 -82
-24 -92
-15 -67
-6 -45
47 -93
27 -43
68 -43
60 -34
88 -42
44 -11


74 63 40,409457 97,185390
77 100 52,403729 126,210142
65 82 51,596738 104,637469